x = 10
x <- 10
y = -10.5
y <- -10.5
